23 7 124
0 5 124
17 12 95
18 1 47
28 2 95
30 2 92
31 14 47
6 9 95
2 4 124
27 0 95
23 9 124
25 5 95
30 6 124
15 4 58
33 9 92
32 8 92
2 9 124
28 14 95
30 14 95
29 7 124
26 8 47
8 5 58
25 2 47
21 11 95
17 0 95
18 10 95
11 10 95
9 7 124
27 7 47
8 6 124
27 1 95
20 11 45
14 1 92
31 7 92
24 1 95
21 10 95
11 0 95
23 3 47
24 6 92
29 14 95
16 14 95
0 6 124
27 14 95
8 1 95
29 8 95
23 4 92
13 10 95
10 1 47
17 14 95
24 10 47
14 14 92
12 2 58
4 1 95
16 4 58
32 3 92
1 7 92
14 10 47
3 10 92
24 2 47
12 0 95
19 12 95
15 9 124
28 1 95
2 2 95
4 10 95
13 9 95
26 5 95
30 1 92
15 6 124
16 12 95
2 6 124
33 12 47
16 0 95
9 3 58
17 11 92
5 9 95
16 8 124
28 0 95
27 5 95
18 11 95
24 14 95
22 14 95
8 4 58
21 14 92
29 1 95
3 2 47
26 10 95
25 1 47
26 0 95
2 5 124
2 8 124
6 10 95
27 11 92
22 5 92
9 8 124
7 2 92
16 3 46
19 10 95
7 10 47
15 12 47
27 2 95
29 0 95
28 9 47
23 10 124
1 3 47
29 2 95
9 1 95
34 10 92
32 13 47
22 1 92
9 4 58
8 9 124
8 7 124
34 11 47
8 8 124
27 6 47
23 6 124
25 14 95
16 6 124
18 12 95
14 0 95
31 2 92
15 5 124
28 8 47
18 14 95
11 9 95
6 1 95
32 4 47
23 14 95
19 0 95
5 10 45
16 11 95
20 14 95
16 5 124
12 9 95
31 5 47
26 1 95
10 10 92
9 6 124
15 3 46
20 0 95
15 7 124
14 13 47
25 10 95
9 9 124
15 8 124
25 9 47
27 10 47
30 8 92
23 1 95
4 9 95
9 5 124
7 1 95
19 11 45
13 0 95
0 4 124
9 2 47
17 1 47
30 5 95
29 5 95
16 1 95
12 3 58
15 1 95
19 14 95
5 1 95
15 0 95
20 13 92
16 9 124
8 2 95
16 7 124
24 5 92
21 0 95
16 10 124
18 0 95
2 7 124
12 10 45
26 14 95
26 2 95
22 11 47
23 8 124
28 5 95
20 10 95
15 14 95
2 3 124
